-9.04,99.75,65.68,81.29,13.81,0
16.14,76.52,68.79,74.74,0.29,0
15.54,78.86,54.49,86.97,-0.01,0
-1.7,85.35,80.95,68.41,5.89,0
14.92,89.38,74.3,83.95,-0.63,0
6.7,100.67,62.15,67.76,17.66,0
12.87,82.19,61.55,100.35,-2.5,0
5.9,84.38,54.92,90.55,-0.02,0
15.31,75.86,64.06,70.99,-2.73,0
21.31,70.84,63.35,73.93,2.21,0
1.66,69.57,58.41,85.37,5.66,0
-2.7,91.55,47.44,63.42,11.41,0
14.04,88.59,59.71,89.6,29.72,0
7.96,93.13,55.44,73.48,9.02,0
9.21,92.66,59.9,94.09,-7.86,0
11.6,86.97,68.22,68.97,12.05,0
13.85,88.84,57.27,62.97,16.89,0
13.28,72.25,74.64,75.73,-21.72,0
23.45,98.67,85.48,88.44,-6.68,0
5.33,75.78,63.26,94.28,4.1,0
9.0,85.19,62.94,74.46,24.12,0
6.33,100.96,58.78,87.19,6.9,0
-2.66,74.29,84.08,84.12,-11.03,0
11.28,85.3,56.84,89.33,-4.97,0
2.84,86.37,51.69,79.24,12.75,0
20.45,71.42,70.61,98.3,18.66,0
-0.03,85.39,65.95,78.35,-3.07,0
5.31,83.8,61.43,77.49,11.72,0
24.37,78.35,63.24,77.29,-1.85,0
-9.75,78.28,55.17,77.0,-1.69,0
9.67,76.92,74.06,85.3,-0.72,0
10.59,90.54,36.41,76.83,-10.29,0
10.92,89.99,83.35,78.1,22.19,0
11.94,88.5,75.5,82.03,-5.55,0
-1.44,73.63,60.34,62.27,-1.77,0
24.33,80.59,47.58,70.55,-15.88,0
7.49,81.3,63.34,75.42,-5.58,0
15.53,85.37,61.59,68.04,6.82,0
6.36,84.66,56.18,95.62,5.56,0
21.49,81.69,65.34,67.18,5.44,0
21.1,73.82,79.17,70.88,12.28,0
12.65,72.0,64.99,85.73,-20.09,0
4.3,76.49,77.43,82.73,-4.65,0
13.0,69.88,65.2,81.15,6.59,0
9.19,80.34,63.32,73.73,0.57,0
15.87,88.33,64.77,69.95,-19.46,0
-5.87,78.38,82.43,81.9,0.03,0
-0.07,72.14,84.09,70.52,7.36,0
19.05,79.79,62.19,75.31,-6.87,0
-27.18,94.62,88.17,86.47,-3.53,0
21.04,81.55,81.61,71.4,-3.74,0
2.5,82.95,70.84,73.66,3.54,0
5.61,88.85,80.3,74.61,-3.66,0
11.64,94.27,85.51,78.75,-7.49,0
5.88,91.31,69.56,88.63,12.09,0
22.24,81.08,74.27,75.75,4.78,0
8.02,66.96,72.89,89.11,5.38,0
18.03,83.02,68.38,84.91,2.97,0
5.34,91.85,81.61,73.81,15.48,0
18.28,82.99,70.2,86.73,1.87,0
-0.93,77.11,61.4,82.98,23.19,0
26.47,94.39,79.51,87.23,10.53,0
10.68,82.54,65.64,62.79,10.94,0
22.33,77.35,76.19,85.36,5.88,0
34.74,93.59,63.7,82.8,-14.73,0
-3.3,87.43,59.39,85.57,7.38,0
-1.58,74.42,65.93,81.42,2.13,0
14.04,97.37,84.89,64.61,5.76,0
30.06,91.01,77.43,75.16,0.79,0
0.73,83.67,45.18,70.43,-22.25,0
-12.83,78.75,54.52,78.54,10.72,0
13.03,74.2,61.45,77.15,7.03,0
-3.24,100.03,50.98,66.6,1.82,0
19.46,62.74,71.01,82.58,-2.33,0
0.6,83.36,76.84,73.94,-16.42,0
-5.49,89.24,61.73,57.57,3.5,0
9.61,77.91,71.06,90.04,-0.15,0
17.42,84.3,74.91,76.46,4.46,0
14.24,80.55,47.95,85.37,-17.79,0
10.73,76.49,87.21,82.5,2.81,0
7.02,80.15,80.75,68.86,5.81,0
13.35,70.6,73.84,74.5,10.21,0
8.98,72.36,84.26,60.13,-7.93,0
9.3,66.26,55.04,91.25,10.88,0
8.4,85.0,85.99,77.34,18.08,0
9.43,69.7,77.94,72.54,8.31,0
10.98,77.9,60.68,61.4,14.13,0
3.13,77.16,67.2,74.23,-4.9,0
2.34,78.3,68.47,64.42,3.95,0
4.74,78.52,74.84,96.81,2.65,0
9.29,68.45,66.5,83.2,-4.96,0
6.54,74.68,69.41,86.01,14.15,0
20.55,83.71,74.75,79.14,-6.05,0
4.97,85.14,85.84,100.21,13.67,0
8.27,78.26,82.41,67.47,-2.94,0
7.24,83.05,62.22,78.61,-7.6,0
15.68,73.65,71.79,76.43,0.04,0
5.51,83.38,56.41,76.21,-10.61,0
21.35,73.6,75.94,79.45,10.04,0
7.06,79.96,68.37,76.11,3.31,0
1.4,77.35,81.1,66.03,8.71,0
-0.93,67.92,86.14,70.21,0.93,0
46.72,90.14,65.28,80.45,13.64,0
8.97,75.41,64.39,80.82,7.65,0
8.77,77.48,76.89,58.47,-0.05,0
-7.29,66.82,62.66,60.96,-0.53,0
5.74,78.42,63.29,66.47,-3.35,0
5.35,74.88,63.76,76.57,4.65,0
14.72,74.35,66.4,72.31,22.55,0
18.73,87.72,83.69,74.49,12.21,0
3.63,82.91,59.38,68.92,9.0,0
13.24,69.9,63.91,80.24,5.53,0
12.84,72.48,62.13,80.07,6.88,0
12.88,94.84,74.93,73.87,3.61,0
19.12,86.81,80.87,77.03,8.62,0
13.66,71.4,65.64,75.95,-1.75,0
14.38,83.34,74.86,80.01,10.5,0
-7.16,76.0,80.11,81.5,18.1,0
21.8,73.32,73.12,63.46,-11.31,0
1.76,86.36,61.74,74.67,9.61,0
7.19,95.79,85.21,82.91,24.56,0
2.37,76.24,69.2,72.68,1.81,0
16.74,72.31,56.68,84.4,-1.33,0
8.12,78.63,70.74,85.96,5.77,0
1.28,77.06,59.92,63.32,-8.98,0
21.59,84.36,57.69,75.77,8.39,0
6.68,75.3,85.23,76.8,6.33,0
7.65,95.23,66.88,85.09,5.98,0
-6.74,87.51,63.15,87.1,8.83,0
15.05,80.22,56.79,54.92,-9.56,0
8.39,85.81,56.49,81.11,15.14,0
-3.81,94.38,56.31,92.13,4.11,0
28.64,96.91,66.22,95.36,23.18,0
10.12,83.86,72.59,73.99,-5.84,0
-2.09,73.29,61.34,94.15,1.63,0
32.78,74.4,52.98,64.9,7.82,0
5.32,69.33,70.05,84.72,6.92,0
8.99,60.98,66.57,43.48,-8.08,0
18.33,72.12,71.31,77.54,-8.96,0
10.44,71.71,75.8,82.82,-5.68,0
26.25,89.76,57.81,92.38,-3.56,0
25.44,67.53,60.13,71.72,2.12,0
-1.87,86.26,57.11,98.98,14.78,0
11.66,65.24,57.08,70.54,-5.91,0
4.87,70.74,66.6,79.44,9.45,0
6.64,83.46,64.66,49.24,5.3,0
16.33,76.97,78.65,83.83,-17.93,0
14.92,82.2,80.93,54.77,0.39,0
-7.92,85.11,69.46,72.1,-5.62,0
24.32,91.14,80.58,68.16,-3.38,0
7.63,104.9,71.53,85.42,14.64,0
11.76,77.12,78.64,58.75,6.42,0
4.1,74.35,68.62,61.81,13.26,0
24.92,71.45,59.47,55.57,5.76,0
-3.93,65.28,71.71,70.85,4.45,0
4.21,77.43,76.31,76.19,-3.06,0
9.28,95.08,38.89,84.41,5.6,0
0.48,71.73,59.06,75.51,8.93,0
6.17,76.96,66.12,71.47,10.23,0
2.03,84.03,69.89,63.2,17.62,0
6.68,79.79,62.14,85.81,-0.97,0
13.0,76.96,66.06,85.35,4.57,0
17.44,74.51,76.14,57.66,6.63,0
6.15,89.64,68.33,77.78,-4.41,0
24.99,82.99,70.35,66.4,-9.79,0
25.51,83.1,61.54,74.88,-10.05,0
11.36,91.64,50.9,95.71,-2.48,0
-3.32,76.81,71.76,68.56,-11.95,0
1.08,93.35,67.74,68.24,-10.79,0
9.81,72.49,67.51,59.42,30.83,0
-1.07,103.25,91.24,61.27,7.62,0
17.75,63.45,61.63,94.61,14.07,0
17.03,81.41,52.69,77.16,22.3,0
7.64,85.23,52.44,81.72,-2.5,0
13.02,77.71,65.8,71.65,15.32,0
-13.23,79.42,65.94,63.81,-11.42,0
4.64,89.45,64.64,73.05,8.6,0
19.49,90.52,82.01,83.07,5.81,0
15.34,73.84,50.98,69.01,16.62,0
15.88,74.23,69.43,83.92,-1.48,0
18.69,72.09,68.8,86.16,9.79,0
12.43,108.79,68.32,84.3,-6.59,0
10.89,74.46,59.44,63.37,-10.62,0
28.1,64.93,62.02,97.83,16.52,0
19.32,72.49,66.09,83.91,-6.31,0
8.64,66.55,50.94,63.5,19.45,0
6.04,84.66,70.08,79.57,-3.45,0
14.61,88.07,50.61,73.91,-14.13,0
14.6,76.24,83.42,76.81,9.94,0
10.14,78.49,49.89,57.74,-20.53,0
13.82,78.51,85.01,69.69,-9.63,0
13.63,86.6,65.07,90.66,-6.99,0
-7.11,90.49,59.07,84.16,9.67,0
1.96,77.62,57.31,57.62,-18.82,0
20.0,66.97,65.72,73.94,-9.43,0
-17.17,77.12,98.8,82.83,16.61,0
15.86,72.51,74.98,68.27,-10.31,0
8.94,90.15,52.18,66.3,7.27,0
5.61,92.82,64.34,77.88,-3.34,0
2.53,84.44,74.04,62.96,-17.02,0
-6.39,101.46,53.39,69.76,2.03,0
-7.39,90.09,66.93,93.87,4.69,0
16.99,84.94,72.6,84.13,8.77,0
18.59,82.55,83.82,87.39,-1.9,0
2.71,89.83,63.51,68.45,3.38,0
36.4,79.76,75.26,75.55,-7.23,0
5.52,80.1,78.17,85.71,-0.64,0
19.1,81.89,74.41,77.81,5.91,0
15.77,68.84,58.11,77.46,0.57,0
15.85,93.65,62.5,68.01,-12.82,0
15.53,85.22,71.07,74.53,7.46,0
8.19,88.45,69.64,101.69,-1.26,0
18.89,69.31,78.29,85.82,3.35,0
19.0,76.57,82.46,87.93,6.31,0
-7.42,74.02,68.13,81.69,-7.42,0
-4.37,93.04,68.7,83.21,6.64,0
18.25,62.45,70.89,61.44,14.81,0
4.21,93.42,70.32,84.54,6.33,0
18.52,83.07,55.5,81.58,-0.63,0
17.43,72.94,62.47,73.65,6.88,0
23.89,84.33,65.72,57.49,-7.15,0
8.66,74.74,70.59,84.74,9.81,0
22.7,68.65,68.36,82.04,-3.31,0
2.34,67.82,59.34,83.39,2.56,0
11.62,89.33,76.2,80.08,1.24,0
10.98,76.17,60.25,94.93,9.48,0
9.38,82.54,65.84,84.47,-16.27,0
-1.52,77.36,57.42,75.68,9.64,0
1.07,97.09,76.23,92.89,-0.85,0
-3.25,77.0,53.35,82.31,4.21,0
16.18,84.78,67.46,77.95,-0.43,0
14.8,90.19,75.83,83.51,-9.26,0
-11.45,80.22,62.36,79.72,-6.97,0
6.43,83.04,84.19,76.06,0.5,0
14.57,94.15,66.92,95.6,-0.68,0
19.88,85.98,65.77,67.53,6.13,0
2.97,84.36,61.47,74.18,6.3,0
9.68,69.24,71.26,84.44,-2.05,0
14.45,78.15,73.77,73.13,6.45,0
4.65,76.04,74.14,75.25,-2.54,0
6.48,93.88,74.14,73.07,-4.95,0
8.46,70.11,80.49,70.29,5.32,0
3.31,74.38,88.81,88.4,2.96,0
9.46,93.12,68.11,89.72,19.98,0
5.38,80.79,63.59,76.21,-4.2,0
95.79,39.63,9.51,25.53,61.66,1
69.76,46.78,51.56,40.0,48.61,1
64.35,49.95,40.36,39.59,37.87,1
81.52,37.08,39.14,27.52,68.74,1
77.79,36.96,38.27,37.17,43.69,1
90.71,51.28,19.16,34.94,35.91,1
93.71,53.94,24.07,49.83,51.2,1
87.82,32.06,37.24,24.95,47.83,1
73.14,33.36,36.02,45.46,44.19,1
80.79,46.08,41.47,33.11,64.41,1
77.45,39.53,10.01,14.63,30.01,1
83.63,42.89,19.42,35.39,40.45,1
93.31,61.24,27.51,33.45,52.48,1
83.11,40.38,32.63,25.76,63.22,1
80.31,58.52,29.0,29.61,38.9,1
74.63,47.07,43.51,45.28,44.54,1
79.84,42.66,13.58,24.37,52.94,1
80.95,38.36,28.35,29.57,57.6,1
76.96,45.21,38.58,14.58,28.24,1
66.44,63.09,23.3,49.68,54.83,1
78.72,67.84,34.92,37.54,29.08,1
88.5,53.3,25.79,24.24,56.92,1
73.64,39.78,28.32,24.18,50.47,1
85.13,46.99,39.52,28.52,46.59,1
80.85,58.32,38.09,24.51,37.04,1
82.2,35.61,32.81,33.08,43.74,1
60.02,27.26,42.02,46.33,27.95,1
91.85,44.9,41.63,44.55,45.21,1
80.43,47.58,34.27,21.38,32.36,1
86.16,43.04,30.38,18.15,48.53,1
96.15,52.76,35.64,39.19,44.47,1
86.83,62.67,44.84,44.75,32.89,1
106.12,42.4,30.09,27.95,50.01,1
74.98,43.46,32.85,26.93,44.03,1
105.09,55.39,38.34,35.37,45.04,1
93.02,44.49,33.21,22.78,57.75,1
88.02,53.95,23.02,32.45,34.47,1
73.27,54.47,25.87,34.63,45.06,1
86.94,60.15,13.05,50.62,24.3,1
81.98,30.28,27.45,28.57,54.85,1
65.16,30.53,21.86,32.07,48.61,1
93.37,34.52,48.75,50.95,47.92,1
96.42,48.08,43.92,36.04,50.93,1
75.86,48.55,25.32,13.04,39.7,1
85.56,45.66,19.36,17.3,44.82,1
86.07,51.0,25.48,14.02,35.92,1
85.18,45.46,11.08,31.76,43.26,1
85.57,32.53,19.9,34.96,42.91,1
75.67,48.08,41.08,30.93,29.39,1
70.88,43.77,48.52,35.78,60.5,1
89.27,50.09,38.97,25.25,30.99,1
87.99,56.78,45.23,34.0,30.09,1
97.85,47.28,41.47,23.53,55.05,1
77.91,61.41,40.53,53.64,25.78,1
89.16,31.92,52.31,41.04,52.58,1
98.51,58.54,41.65,25.51,55.22,1
78.43,50.65,18.04,23.55,47.19,1
70.85,53.34,35.21,31.47,44.86,1
106.03,60.79,46.16,32.28,52.04,1
89.28,53.72,18.48,38.51,48.38,1
79.42,42.39,18.51,52.56,67.47,1
76.86,35.45,43.09,28.59,56.89,1
78.03,32.31,39.33,26.34,50.75,1
95.19,48.02,27.47,52.04,39.17,1
81.9,34.68,30.32,25.8,43.18,1
88.89,23.51,21.96,25.4,31.22,1
65.5,55.05,37.85,27.89,54.27,1
88.13,52.13,38.85,51.39,52.36,1
79.01,35.52,37.26,37.96,51.57,1
82.11,51.27,20.78,43.19,60.23,1
84.99,41.15,25.03,34.41,26.73,1
68.35,53.53,39.84,23.44,45.83,1
91.67,46.17,39.17,21.5,54.51,1
74.45,60.06,42.34,27.52,43.78,1
78.78,50.86,27.63,23.56,35.72,1
55.83,38.4,31.3,20.85,28.1,1
82.8,36.67,36.96,28.26,47.55,1
75.65,31.67,10.71,28.53,48.19,1
85.78,56.73,32.27,21.64,42.57,1
74.54,36.42,26.75,35.18,33.15,1
95.07,53.52,25.28,38.0,52.24,1
75.22,27.12,39.22,34.83,51.37,1
72.92,38.37,31.42,42.02,49.08,1
84.58,41.22,31.17,46.61,51.49,1
94.89,54.38,23.48,29.28,42.98,1
80.6,38.35,52.03,44.47,46.13,1
83.05,57.62,32.75,11.9,45.03,1
84.25,35.27,19.26,23.66,45.93,1
84.43,37.2,43.74,10.7,64.79,1
97.49,27.09,56.55,38.35,35.92,1
82.61,48.03,42.72,18.03,62.64,1
82.54,38.91,32.02,46.06,37.8,1
89.35,33.38,45.35,16.0,40.18,1
80.46,34.64,27.82,32.26,67.45,1
80.37,62.42,28.7,40.22,33.34,1
64.48,49.05,28.36,38.58,71.64,1
66.79,43.99,17.64,29.92,40.61,1
91.4,58.34,37.82,20.14,45.12,1
82.93,34.21,38.11,25.86,48.39,1
97.79,61.4,39.34,33.24,46.29,1
79.24,59.37,34.59,43.05,40.72,1
82.04,50.23,17.47,33.23,48.8,1
69.1,42.51,32.19,23.41,47.19,1
67.07,58.55,35.1,29.1,24.15,1
83.72,47.49,36.08,43.86,58.95,1
73.33,40.56,28.75,47.61,57.72,1
89.44,25.6,46.91,19.14,67.82,1
75.95,43.52,36.38,39.18,58.13,1
82.7,56.58,47.36,42.34,35.79,1
87.61,59.42,32.65,32.01,35.2,1
75.53,28.31,19.78,36.82,23.58,1
89.28,41.94,30.37,34.09,43.36,1
90.92,55.26,43.79,32.81,37.95,1
68.46,62.73,36.67,27.07,38.81,1
87.56,39.64,11.17,23.27,43.8,1
88.96,48.12,46.7,46.16,25.63,1
55.11,37.3,37.04,48.41,54.49,1
57.83,62.23,36.35,39.39,51.04,1
96.22,50.45,41.14,46.48,38.83,1
103.66,45.78,28.23,29.98,44.47,1
86.94,29.97,33.73,40.97,59.48,1
91.91,48.61,23.93,36.19,41.86,1
89.17,49.34,29.54,52.64,37.19,1
76.05,48.37,37.97,31.22,50.18,1
70.5,42.32,17.72,23.8,43.9,1
77.46,44.32,19.63,37.72,39.41,1
71.69,39.7,49.1,32.07,55.25,1
90.38,29.99,8.24,33.91,39.38,1
98.55,40.03,35.81,28.63,51.03,1
79.09,46.16,29.51,32.2,58.0,1
66.31,55.99,36.01,35.26,25.13,1
95.17,29.91,25.76,35.53,49.83,1
101.98,34.28,33.77,38.12,53.95,1
91.88,26.31,37.79,27.45,50.99,1
104.85,54.61,30.93,31.76,43.12,1
78.41,39.9,38.95,23.75,39.66,1
68.5,56.04,35.28,20.84,37.09,1
78.27,44.55,30.52,16.25,53.23,1
82.27,53.32,40.27,36.46,41.55,1
82.21,40.15,45.23,27.51,53.78,1
92.31,48.97,38.77,40.13,47.78,1
86.05,33.94,45.13,47.3,50.35,1
98.17,48.84,48.33,29.0,45.88,1
71.11,47.03,47.1,27.02,50.08,1
64.84,41.21,59.24,37.3,41.05,1
81.22,44.09,34.12,25.58,35.73,1
89.92,43.02,54.65,27.03,63.55,1
87.48,47.52,35.93,26.35,38.89,1
97.94,27.87,28.7,32.66,45.39,1
79.41,57.78,45.94,37.91,62.39,1
65.46,34.24,30.19,12.49,55.58,1
85.78,29.72,30.0,33.82,44.43,1
62.05,54.43,35.72,30.01,36.13,1
81.52,45.85,27.32,31.72,42.74,1
82.98,23.05,34.27,19.47,49.51,1
80.94,54.78,34.99,34.85,46.61,1
77.83,50.68,35.88,24.08,37.02,1
61.85,39.69,42.4,28.92,36.46,1
68.25,46.88,43.63,42.07,55.64,1
83.23,41.66,35.0,14.68,31.82,1
94.11,61.24,23.29,53.27,38.32,1
89.43,22.22,40.92,30.79,34.0,1
72.77,55.25,33.04,46.88,46.82,1
79.95,51.35,21.77,27.85,45.92,1
91.32,62.84,32.95,43.27,37.63,1
55.39,35.83,35.72,22.34,45.63,1
69.63,37.8,33.68,44.66,65.76,1
104.44,56.43,30.86,39.37,50.86,1
65.81,39.22,52.61,34.68,64.18,1
72.29,49.76,45.71,40.25,13.72,1
57.52,40.86,34.96,17.3,40.47,1
86.01,44.32,38.31,19.96,31.68,1
75.51,43.81,48.25,20.27,54.97,1
89.81,46.8,49.75,16.54,42.55,1
85.68,56.69,24.62,28.52,32.13,1
81.91,23.49,26.69,50.04,49.1,1
78.5,51.15,45.73,33.5,37.24,1
86.87,40.52,29.97,28.99,40.48,1
88.99,46.25,33.99,33.32,48.79,1
88.48,51.92,41.4,29.11,32.15,1
92.72,29.2,26.0,18.25,52.86,1
70.71,44.69,22.04,34.86,48.35,1
94.93,44.27,21.05,43.02,48.78,1
101.05,42.72,32.43,33.88,47.76,1
75.81,29.31,20.83,36.36,57.12,1
77.54,54.37,21.97,37.77,45.61,1
85.91,50.79,37.83,46.92,40.6,1
88.31,56.32,14.4,42.81,47.32,1
78.35,44.9,35.27,32.35,28.95,1
83.11,48.08,24.33,27.41,54.43,1
67.91,48.51,37.07,25.68,42.83,1
91.9,34.48,49.46,31.77,44.14,1
70.22,48.03,30.09,34.29,31.23,2
88.4,59.87,42.31,44.01,45.36,2
69.93,42.58,43.19,38.21,48.89,2
87.54,28.57,31.75,27.5,53.9,2
86.54,48.45,28.64,34.84,48.12,2
73.1,45.67,14.79,54.53,35.31,2
89.28,49.61,38.1,22.58,56.65,2
80.48,40.75,34.29,37.72,32.28,2
94.19,39.57,35.71,34.34,45.17,2
98.94,24.23,23.84,30.0,40.39,2
71.66,42.67,27.57,19.84,33.69,2
94.59,48.09,50.1,33.7,58.32,2
67.23,43.12,46.69,41.96,43.85,2
78.02,33.74,40.4,42.65,34.96,2
74.06,41.65,24.26,33.8,43.14,2
87.69,50.76,37.31,39.26,35.58,2
61.99,59.24,16.62,30.68,29.11,2
84.9,46.18,27.85,44.73,56.13,2
113.31,46.04,40.1,40.75,39.17,2
90.7,52.75,30.87,22.32,41.52,2
82.0,37.25,34.36,25.45,42.42,2
76.52,45.37,29.09,30.62,44.55,2
88.01,58.8,48.04,40.12,47.55,2
76.42,58.8,28.76,42.83,43.75,2
87.38,50.94,21.92,26.32,50.01,2
81.0,49.67,21.36,26.22,65.19,2
91.61,67.92,27.58,20.69,46.2,2
74.95,54.23,41.0,33.78,58.86,2
74.6,36.39,37.22,40.3,53.17,2
107.81,48.07,41.36,30.43,36.73,2
81.01,53.64,38.14,35.12,51.18,2
79.3,46.46,13.52,38.99,36.35,2
79.0,30.66,29.88,34.43,36.46,2
90.79,39.61,36.53,15.23,54.45,2
89.34,38.24,15.96,34.84,36.63,2
90.45,41.15,44.14,45.59,57.98,2
77.89,48.55,42.94,20.23,35.21,2
87.34,61.7,36.84,45.38,59.29,2
72.09,42.01,51.17,40.83,48.63,2
69.35,32.16,30.58,22.19,50.7,2
83.01,66.28,32.37,28.47,63.71,2
69.45,50.47,36.14,7.98,26.61,2
80.11,53.83,16.54,23.49,22.34,2
68.15,59.86,31.71,24.65,51.7,2
84.48,31.84,42.62,27.83,48.29,2
88.07,60.12,32.75,28.29,28.32,2
81.31,47.14,30.09,25.95,38.17,2
79.56,60.93,43.97,36.96,47.19,2
75.69,24.3,47.81,44.42,46.97,2
80.92,37.94,54.47,33.87,47.17,2
99.64,47.87,51.4,25.85,45.55,2
86.9,41.16,48.43,32.74,30.74,2
85.37,28.16,25.64,21.65,30.39,2
69.81,54.5,15.52,46.46,44.45,2
75.59,47.3,27.84,31.8,37.16,2
64.09,38.99,18.49,26.1,55.35,2
79.14,54.11,28.91,44.4,48.12,2
74.66,46.39,15.94,32.5,37.99,2
82.19,45.62,53.35,37.92,37.62,2
67.61,52.57,22.33,25.67,55.26,2
95.92,35.31,39.32,17.05,32.74,2
87.02,34.56,18.68,25.94,58.27,2
84.35,42.83,28.21,34.88,65.08,2
75.73,52.77,31.79,34.26,47.63,2
72.13,50.08,26.26,17.31,54.32,2
80.98,45.55,52.52,25.19,43.59,2
84.82,34.43,38.94,12.46,36.85,2
89.44,47.23,24.8,22.79,31.63,2
64.52,37.15,28.35,47.43,45.21,2
90.15,64.03,30.54,38.5,42.11,2
91.87,38.82,40.25,17.63,58.72,2
69.71,58.4,45.82,8.81,42.6,2
75.5,51.92,42.75,31.65,34.85,2
86.29,43.8,-2.98,26.31,74.02,2
73.16,36.31,29.17,21.76,38.57,2
102.32,39.06,40.56,27.24,70.11,2
86.11,42.32,35.92,42.17,46.84,2
95.56,45.69,24.6,28.73,52.5,2
70.85,36.86,51.14,26.49,48.82,2
82.61,50.75,22.38,38.96,36.23,2
74.98,35.37,35.65,32.63,45.64,2
82.3,60.49,24.12,41.66,39.01,2
77.54,35.06,29.98,64.14,65.6,2
65.38,37.38,24.58,18.62,49.01,2
70.14,52.33,21.34,30.32,39.05,2
86.99,48.35,26.87,9.1,54.86,2
78.02,42.35,29.35,32.66,47.01,2
95.98,40.41,37.36,21.83,58.45,2
77.1,34.52,22.01,33.0,37.74,2
82.04,40.53,22.7,27.31,28.71,2
76.94,37.75,45.93,11.06,35.53,2
100.55,38.6,28.45,16.43,16.82,2
85.23,40.39,35.13,33.86,61.25,2
76.37,30.2,32.1,21.81,48.52,2
81.92,58.24,19.05,42.86,51.4,2
78.8,36.43,34.33,26.02,46.9,2
76.0,45.78,29.49,38.28,57.93,2
82.84,48.31,26.08,45.29,46.38,2
85.91,70.84,39.02,44.72,45.06,2
86.2,60.02,41.79,40.35,41.47,2
104.35,44.97,25.85,26.06,53.79,2
77.66,40.61,31.79,20.38,33.15,2
89.15,49.01,25.98,19.12,49.17,2
74.99,35.27,18.21,22.73,51.1,2
82.94,48.34,34.01,47.12,43.57,2
79.09,35.55,27.74,34.39,46.34,2
93.59,54.82,34.69,33.97,60.98,2
83.12,31.63,38.87,36.04,41.03,2
58.54,40.11,51.09,32.08,43.27,2
76.68,47.43,28.09,37.5,55.15,2
66.53,51.96,19.3,36.07,57.91,2
88.69,43.18,51.71,5.9,41.24,2
83.32,41.63,38.32,31.81,43.5,2
74.25,48.14,41.32,37.2,45.36,2
72.4,52.05,32.09,35.13,28.09,2
74.78,50.66,44.97,26.51,55.99,2
88.98,64.12,24.01,40.92,38.39,2
87.92,55.13,32.52,33.06,55.6,2
68.79,49.11,43.21,43.38,62.42,2
95.64,45.58,14.15,36.54,26.91,2
90.15,42.97,35.05,33.14,53.92,2
76.6,69.82,20.18,17.07,39.15,2
70.05,50.84,48.06,18.27,35.7,2
86.82,45.28,28.31,34.53,48.65,2
82.24,29.1,37.44,28.64,37.74,2
68.84,49.02,37.13,39.03,44.59,2
73.49,39.27,28.03,34.02,53.96,2
89.98,53.18,18.55,28.59,36.13,2
81.06,45.85,40.12,48.34,50.75,2
64.32,44.45,33.86,37.59,54.2,2
73.38,28.39,36.44,45.11,47.07,2
75.3,35.96,30.74,17.61,35.69,2
99.81,47.77,22.53,38.58,53.33,2
80.16,50.48,30.53,33.82,43.35,2
90.66,48.78,8.86,18.86,53.65,2
71.84,52.16,27.81,31.7,44.77,2
84.44,29.6,25.45,32.57,47.29,2
74.57,47.47,29.22,45.97,26.15,2
66.25,38.43,28.72,38.84,36.15,2
94.14,54.52,33.83,3.03,62.2,2
80.86,61.24,29.77,17.83,42.74,2
89.26,49.11,36.44,24.51,56.33,2
84.18,36.34,39.84,20.83,63.28,2
103.6,42.66,32.41,35.38,41.18,2
86.51,50.84,41.95,14.21,44.64,2
71.05,49.76,38.78,46.57,40.97,2
73.02,46.72,26.31,27.38,51.11,2
86.12,69.11,39.53,34.04,42.96,2
80.77,25.63,23.17,21.9,49.3,2
78.53,43.57,33.28,44.57,48.23,2
77.54,37.82,11.7,32.33,39.92,2
97.11,40.49,16.58,32.1,33.26,2
72.49,47.28,23.56,35.57,50.55,2
74.6,48.28,21.42,25.91,48.97,2
82.86,17.44,16.73,5.95,86.25,3
78.67,24.49,27.98,14.0,97.32,3
85.33,24.2,23.62,8.17,94.91,3
83.18,25.29,23.32,-8.89,110.11,3
88.71,17.07,27.73,1.55,91.67,3
86.18,16.09,33.74,5.99,94.72,3
86.0,10.88,24.64,9.24,93.07,3
90.68,0.07,34.82,-10.31,95.52,3
83.56,7.04,31.66,2.94,91.31,3
103.39,12.58,13.72,8.75,86.73,3
106.17,20.24,13.71,20.33,87.77,3
88.33,20.28,43.44,-0.66,95.16,3
81.79,8.61,18.4,23.5,98.26,3
79.3,-3.49,26.49,2.75,81.93,3
104.29,9.55,33.21,9.7,112.22,3
114.81,6.6,56.99,6.08,91.07,3
71.11,23.89,24.92,23.07,76.03,3
85.32,19.6,29.62,-30.26,82.47,3
91.86,30.74,41.5,-0.05,75.15,3
84.81,9.32,19.74,5.79,81.86,3
98.59,7.24,43.52,4.33,82.57,3
85.16,22.95,21.85,-0.05,101.27,3
83.97,5.7,33.44,14.55,88.97,3
82.47,19.84,8.72,14.78,100.28,3
89.79,5.5,13.77,-8.84,78.42,3
93.62,23.99,44.32,12.03,75.98,3
80.87,21.65,32.82,8.07,75.51,3
101.75,16.08,15.62,11.16,82.86,3
91.11,5.92,14.88,-10.65,90.08,3
78.72,18.45,52.5,-1.85,111.19,3
71.1,30.83,25.96,-5.17,85.7,3
100.89,2.42,23.57,4.86,82.01,3
87.38,19.24,25.9,0.66,86.48,3
101.99,10.48,12.17,1.88,92.07,3
76.26,29.71,26.2,-11.95,88.22,3
86.51,12.47,15.99,7.37,96.84,3
82.96,23.85,23.66,25.19,85.53,3
99.72,25.21,49.76,13.8,83.87,3
84.33,16.54,22.77,2.58,86.97,3
71.68,19.76,29.76,14.56,99.22,3
91.58,14.92,36.61,9.3,87.64,3
98.75,23.29,32.57,-1.28,89.75,3
91.66,2.89,40.27,-4.14,89.59,3
63.73,16.44,31.4,12.68,79.21,3
75.06,0.65,20.14,0.07,80.92,3
93.37,10.11,16.48,-6.92,87.99,3
78.79,17.41,23.27,-4.95,80.38,3
82.51,20.7,38.06,6.75,87.67,3
80.68,17.06,40.44,1.34,84.57,3
87.65,5.67,14.42,13.41,96.7,3
92.16,17.26,26.32,7.07,94.23,3
103.1,6.06,23.08,4.62,90.45,3
97.2,15.31,32.2,-3.6,97.85,3
89.21,13.21,30.78,-1.28,74.54,3
80.99,8.02,27.74,5.17,70.69,3
96.38,10.52,37.46,19.24,103.54,3
96.06,8.59,35.92,4.41,95.29,3
88.38,15.43,16.28,11.18,87.68,3
89.57,2.01,29.7,-16.22,81.94,3
90.85,19.86,35.37,1.89,81.37,3
81.63,2.19,42.38,-5.64,74.44,3
101.61,13.1,14.54,5.91,89.49,3
107.72,18.07,33.74,-13.69,92.13,3
89.68,10.02,48.83,6.15,96.56,3
83.03,-2.62,35.03,-0.27,88.66,3
88.94,8.71,12.43,16.72,79.51,3
90.28,8.75,31.33,1.88,85.72,3
81.64,24.72,22.13,28.0,103.59,3
89.96,8.25,45.76,21.34,89.6,3
79.54,7.76,42.46,9.84,95.34,3
80.6,5.15,29.77,-8.01,92.04,3
81.16,14.79,33.61,12.48,83.63,3
98.7,29.91,30.49,-6.63,99.59,3
97.98,-3.99,36.2,15.32,89.47,3
87.11,5.72,26.19,3.1,94.66,3
83.45,12.9,16.1,17.68,101.34,3
88.58,12.99,47.62,0.53,102.69,3
87.95,19.59,21.17,6.97,79.64,3
92.72,14.02,19.56,0.95,88.92,3
79.92,7.62,27.7,-6.66,95.86,3
80.36,26.64,19.85,-9.26,65.11,3
87.69,17.09,38.74,-10.77,80.2,3
77.21,10.64,21.8,12.07,94.5,3
86.15,16.99,35.79,21.35,89.2,3
83.02,15.22,44.67,15.75,112.8,3
93.88,16.3,24.82,8.85,90.93,3
92.01,27.86,27.87,-15.15,100.55,3
76.05,3.51,27.98,7.36,96.2,3
95.89,14.89,39.09,9.69,94.12,3
89.02,31.95,30.63,15.13,113.35,3
89.19,10.04,33.8,-0.88,90.26,3
79.23,14.06,56.91,1.26,89.85,3
86.53,32.97,28.69,-11.02,84.87,3
77.6,-10.0,41.88,20.2,81.54,3
78.73,-10.95,43.05,9.92,75.32,3
95.73,-1.52,30.07,1.57,88.84,3
65.21,7.17,27.08,5.99,98.88,3
96.87,10.9,36.95,4.68,80.32,3
94.58,12.74,25.38,14.51,83.26,3
78.64,13.68,44.31,13.43,90.02,3
86.06,30.63,23.66,-4.12,83.43,3
73.95,11.37,12.91,6.66,100.8,3
96.3,14.97,24.29,-4.08,87.73,3
71.03,35.39,28.12,1.98,100.69,3
79.79,16.48,18.89,-10.77,98.45,3
99.59,24.39,39.86,0.58,93.49,3
76.63,12.7,24.33,16.89,96.03,3
78.16,1.33,31.09,18.94,79.39,3
85.75,19.03,28.98,-7.35,89.26,3
94.94,4.52,30.47,18.46,73.39,3
73.66,4.3,22.96,19.65,96.77,3
83.83,21.43,38.62,-5.52,105.92,3
97.47,23.49,35.98,8.52,86.41,3
83.14,26.03,27.68,-9.4,108.92,3
87.93,12.67,39.72,-4.96,94.14,3
93.76,0.95,8.44,-7.34,85.47,3
89.72,30.89,43.41,23.09,104.24,3
92.0,27.21,3.09,-4.28,78.02,3
74.8,6.68,50.93,7.97,95.77,3
71.25,24.43,36.26,-8.61,88.4,3
67.67,25.26,30.86,5.93,103.65,3
82.92,20.54,41.01,13.78,107.37,3
84.19,8.18,19.81,-2.47,77.68,3
89.32,10.54,46.49,22.29,90.81,3
74.9,16.56,42.37,29.06,91.3,3
86.68,19.05,10.63,5.54,82.67,3
83.69,10.11,28.49,-8.14,87.02,3
82.3,4.48,33.9,20.29,104.39,3
88.62,18.73,26.95,0.41,80.17,3
87.9,17.33,9.61,8.28,81.58,3
99.41,17.12,25.27,14.4,87.84,3
85.39,14.48,34.44,16.6,92.36,3
75.58,26.9,35.77,14.48,86.18,3
86.62,12.93,38.67,-1.43,93.34,3
86.02,21.65,35.65,4.25,93.41,3
85.23,20.38,15.34,0.66,87.34,3
82.13,5.65,22.43,1.85,107.08,3
101.65,10.16,35.17,10.2,73.76,3
79.14,25.46,21.74,-0.5,113.36,3
98.03,18.95,27.31,-12.09,78.31,3
97.03,27.51,31.83,-5.09,71.31,3
97.97,12.61,21.41,13.41,93.7,3
83.0,18.39,31.58,5.18,110.58,3
77.07,17.95,13.66,-0.61,93.61,3
85.34,21.5,33.7,19.24,88.34,3
93.35,15.7,33.24,-7.38,82.57,3
93.87,17.94,21.42,8.77,100.17,3
94.24,5.64,21.34,2.25,82.63,3
75.04,12.78,31.35,-3.89,100.37,3
89.71,-9.1,25.02,23.93,100.23,3
81.16,9.88,43.98,11.01,72.14,3
80.76,15.15,32.09,-12.96,89.36,3
77.78,8.73,42.17,-11.66,72.01,3
86.26,11.36,8.75,6.91,103.49,3
87.05,0.82,26.12,-17.9,96.07,3
65.1,-7.17,51.8,-6.49,79.06,3
80.97,7.25,21.82,-6.61,102.88,3
107.02,20.38,54.91,0.25,86.02,3
84.63,16.92,34.68,-15.59,95.46,3
97.08,11.01,20.98,-10.73,89.77,3
92.79,12.39,26.19,0.4,86.24,3
68.07,15.26,32.5,9.12,97.41,3
80.36,-5.03,22.62,-3.21,107.99,3
93.45,25.62,21.64,16.95,82.24,3
79.62,4.14,26.05,9.89,94.65,3
82.68,25.91,52.26,-0.03,82.8,3
92.57,23.86,27.78,-5.39,84.5,3
79.78,18.27,27.54,-14.53,90.84,3
80.38,22.4,15.04,4.38,96.89,3
86.53,0.39,39.03,13.44,108.34,3
77.21,9.51,35.81,1.23,89.3,3
83.07,30.11,16.26,24.63,94.1,3
70.61,25.08,38.27,5.17,74.27,3
72.37,12.64,28.82,-1.08,78.51,3
84.81,1.43,37.31,-16.42,99.83,3
105.3,6.43,5.21,-1.41,85.87,3
103.69,14.69,21.27,0.27,105.59,3
76.35,19.57,19.92,-0.62,85.79,3
76.76,7.67,26.9,2.5,75.73,3
87.55,13.39,21.7,-3.15,98.89,3
94.4,6.59,39.54,-1.82,96.33,3
74.24,-7.89,34.96,20.33,94.36,3
73.46,20.24,32.26,12.99,85.59,3
87.95,28.5,20.69,-0.99,98.26,3
78.17,13.55,27.4,-0.44,96.95,3
97.64,11.64,21.43,6.99,105.1,3
80.81,3.26,40.02,-8.13,95.01,3
84.76,20.01,16.37,4.08,93.6,3
88.11,2.56,22.87,-0.98,89.76,3
83.98,18.45,26.45,3.31,92.23,3
90.04,20.56,36.08,-5.29,95.98,3
78.91,17.45,32.09,-1.54,77.72,3
76.8,13.57,17.11,8.61,77.53,3
72.57,25.86,39.71,-9.04,99.41,3
83.59,9.69,21.38,10.22,91.52,3
82.8,4.25,47.88,9.13,87.71,3
84.79,14.09,30.35,-5.86,85.99,3
104.85,28.69,29.36,-1.12,100.78,3
87.55,14.5,32.89,6.26,82.85,3
91.75,8.23,26.97,13.45,100.79,3
86.82,12.72,11.21,0.17,87.57,3
96.95,5.99,25.71,7.03,94.41,3
75.42,11.76,19.65,-2.89,103.79,3
100.88,39.82,21.98,-6.12,80.57,3
97.11,23.31,36.36,-1.15,86.48,3
84.02,11.2,15.27,3.72,78.6,3
76.67,8.16,17.68,16.27,92.69,3
82.48,9.44,31.37,18.35,90.67,3
79.66,10.26,45.64,13.21,70.25,3
95.85,-2.19,35.48,1.71,96.33,3
95.34,33.11,36.68,12.7,104.21,3
92.97,15.91,26.87,3.84,113.91,3
88.79,16.31,42.31,4.07,91.95,3
81.97,21.29,35.47,6.97,81.58,3
98.03,4.2,36.54,11.14,92.68,3
91.37,23.11,24.75,5.3,99.63,3
16.64,82.14,23.83,29.29,63.1,4
29.15,73.91,-5.92,23.36,66.75,4
12.0,77.57,10.06,9.54,58.64,4
25.28,74.34,14.0,-0.78,53.78,4
29.67,69.99,24.15,23.16,64.7,4
17.34,65.25,36.69,-5.15,58.15,4
24.8,75.29,15.66,26.93,60.5,4
24.2,90.22,7.24,0.24,67.98,4
7.16,59.9,20.58,22.75,73.33,4
14.62,67.28,28.18,20.87,66.91,4
21.98,91.91,30.81,29.28,83.79,4
24.11,67.76,26.68,28.88,55.25,4
23.75,46.09,4.52,31.96,78.85,4
27.99,81.44,6.12,1.27,67.83,4
24.92,68.27,12.09,6.53,71.18,4
8.28,65.79,-6.66,40.28,66.14,4
8.87,72.75,17.56,-7.26,68.56,4
43.78,58.45,29.71,17.91,67.12,4
25.76,69.92,27.47,-9.52,50.07,4
28.85,72.33,33.21,15.03,53.02,4
26.82,65.42,32.33,10.62,48.17,4
19.97,68.26,19.35,3.53,50.96,4
29.65,78.31,14.26,5.09,41.93,4
31.87,78.86,25.97,9.32,84.44,4
11.06,67.7,-10.43,-1.66,58.12,4
12.56,61.76,27.64,4.83,64.31,4
15.03,45.29,25.69,3.09,56.42,4
34.22,75.14,21.01,15.01,79.18,4
18.04,69.84,10.98,21.14,56.46,4
26.03,86.81,5.06,25.96,44.31,4
13.12,67.1,23.75,15.91,47.29,4
19.01,52.65,31.27,8.86,50.67,4
33.4,69.84,11.75,19.49,40.32,4
13.23,53.47,24.89,7.75,63.48,4
33.14,68.16,4.33,13.0,64.52,4
28.21,76.53,24.42,13.39,74.64,4
34.28,61.27,4.78,9.59,69.14,4
24.25,65.73,19.42,20.8,64.35,4
9.36,65.18,25.86,8.83,54.35,4
35.13,67.93,29.61,10.57,54.56,4
19.33,71.19,17.84,11.6,48.14,4
22.97,65.86,15.45,6.98,45.8,4
23.91,68.45,24.61,21.39,64.1,4
25.7,56.44,3.03,11.59,56.37,4
22.44,54.78,11.11,27.32,52.63,4
24.06,58.97,30.43,14.61,64.67,4
21.11,76.5,3.28,24.92,59.9,4
31.69,75.0,29.21,15.79,64.21,4
8.17,63.57,30.49,13.52,53.26,4
17.9,73.47,15.53,-5.35,67.58,4
34.4,81.37,17.2,6.63,58.77,4
21.64,69.49,33.29,18.45,48.99,4
39.91,82.63,10.29,3.74,50.06,4
12.96,62.78,31.79,14.04,46.3,4
26.44,71.04,22.16,-11.0,51.8,4
15.28,57.64,30.59,25.87,79.14,4
30.52,80.04,16.33,19.32,73.02,4
19.46,69.84,24.65,13.97,71.45,4
9.08,78.7,17.94,7.78,59.22,4
22.52,82.82,9.46,-5.48,61.9,4
24.63,64.46,18.94,8.53,52.04,4
17.75,67.54,8.81,4.25,58.42,4
17.62,63.53,13.7,15.82,72.13,4
35.93,48.97,18.92,15.99,48.42,4
28.37,59.04,22.37,-1.1,87.32,4
33.7,81.51,10.71,24.29,58.53,4
27.2,69.28,30.46,16.15,43.97,4
21.1,53.67,10.59,10.04,35.58,4
30.38,63.39,16.83,5.21,62.91,4
32.91,87.71,34.6,22.49,49.94,4
33.49,73.63,16.25,12.54,53.81,4
22.62,60.68,25.72,17.05,57.01,4
31.44,73.47,20.77,-1.4,75.69,4
42.52,66.83,43.72,26.36,37.81,4
33.88,67.66,26.77,10.56,51.52,4
20.46,67.45,44.08,-3.49,55.88,4
11.89,79.77,35.24,-2.89,56.8,4
24.25,81.95,19.97,8.23,55.76,4
27.99,77.41,2.11,11.31,62.26,4
33.44,79.37,15.9,3.24,44.86,4
3.83,90.96,23.2,-0.43,57.29,4
24.08,82.19,21.49,12.73,57.11,4
23.57,66.12,8.45,3.78,53.33,4
27.24,80.92,16.01,0.39,64.93,4
28.88,74.71,28.88,4.06,59.06,4
22.71,65.21,29.61,-4.86,59.45,4
23.64,69.02,25.53,0.62,46.56,4
41.39,71.43,12.95,20.76,50.58,4
18.38,77.54,21.36,0.9,56.0,4
23.65,89.05,1.86,20.85,58.16,4
34.06,77.93,25.69,6.86,61.79,4
38.34,59.75,32.81,-0.36,73.14,4
22.24,70.69,12.19,22.28,45.36,4
30.27,77.27,25.05,-4.33,48.38,4
31.83,53.68,28.19,24.72,66.54,4
26.46,76.15,24.56,3.33,58.7,4
11.61,45.21,17.08,17.93,54.09,4
14.04,74.02,16.92,16.15,70.67,4
32.77,69.37,17.59,11.14,60.97,4
28.74,68.79,20.04,23.77,41.36,4
31.23,83.21,21.59,3.49,58.11,4
16.54,80.04,16.07,12.71,52.09,4
28.54,83.97,5.91,10.73,43.1,4
25.07,51.09,37.25,13.1,62.81,4
23.75,68.42,13.01,16.65,68.29,4
33.0,67.19,24.54,1.03,62.29,4
16.29,69.83,24.79,24.32,60.94,4
25.36,80.45,17.0,11.75,70.79,4
16.86,76.45,29.44,-9.73,51.61,4
22.96,70.28,15.48,4.82,60.78,4
24.95,69.19,26.54,8.17,56.73,4
19.58,66.41,4.08,12.42,42.92,4
15.85,61.04,12.34,21.07,56.64,4
8.5,84.93,26.19,10.14,52.61,4
17.94,67.46,26.72,22.14,52.96,4
42.35,66.76,18.14,21.63,53.4,4
29.62,74.75,15.47,2.19,59.53,4
23.3,77.98,32.71,-0.2,67.21,4
19.46,90.9,24.73,-4.98,55.94,4
19.32,66.74,29.78,-3.86,68.44,4
36.03,71.94,27.04,-1.15,51.77,4
24.65,59.12,24.25,9.35,63.83,4
21.72,80.1,16.65,9.46,71.38,4
33.27,85.81,16.6,24.32,31.78,4
17.52,69.14,24.63,22.02,73.44,4
20.54,78.99,11.87,22.94,58.18,4
3.39,72.22,15.41,9.38,60.08,4
28.35,68.88,24.5,9.87,44.97,4
24.1,68.46,5.24,0.48,53.15,4
26.13,76.93,31.68,13.34,59.76,4
27.85,72.64,22.49,14.09,51.56,4
42.06,68.75,16.3,17.74,64.05,4
27.58,57.56,16.38,6.71,56.67,4
22.3,52.39,18.52,7.62,55.82,4
16.05,72.78,21.49,7.91,54.97,4
22.31,82.58,16.16,13.09,53.53,4
25.05,62.35,31.46,20.49,45.75,4
26.39,51.15,17.77,-5.13,38.88,4
18.83,79.67,24.95,7.98,54.76,4
26.36,69.06,18.2,-1.18,45.04,4
39.3,77.04,18.59,4.07,71.08,4
29.87,63.42,35.7,9.33,45.0,4
24.79,73.87,13.29,-10.01,59.16,4
23.01,67.11,6.26,20.81,72.84,4
2.93,71.57,20.05,15.39,54.94,4
26.64,59.96,10.26,11.56,49.42,4
46.29,69.41,55.28,5.92,52.75,4
33.6,65.97,26.42,10.21,65.0,4
28.3,59.04,8.35,16.27,68.69,4
25.25,68.39,19.24,20.12,60.3,4
18.83,86.71,16.91,21.91,54.96,4
2.0,70.01,29.51,-4.45,68.72,4
33.61,57.94,14.81,10.21,54.57,4
28.01,88.01,18.67,23.25,59.0,4
29.75,76.27,29.8,13.23,84.66,4
24.25,81.31,27.41,35.29,70.83,4
17.78,69.85,23.77,14.68,67.49,4
24.34,70.01,20.75,18.97,67.52,4
17.29,59.62,30.43,-3.01,65.0,4
20.99,76.57,21.9,3.06,52.87,4
35.17,66.38,27.78,22.04,50.79,4
36.67,82.89,35.68,6.9,61.77,4
11.92,88.6,13.95,15.73,44.59,4
36.08,53.9,27.21,10.51,72.53,4
13.84,65.69,26.58,18.78,64.67,4
25.18,67.84,17.65,14.57,48.78,4
18.7,66.76,6.94,9.66,57.63,4
27.55,67.43,14.38,13.28,58.28,4
33.11,93.37,25.21,-18.64,63.19,4
33.3,58.38,16.4,-7.05,61.64,4
23.75,80.76,26.86,1.78,72.31,4
14.85,91.18,12.22,3.04,54.67,4
26.7,65.9,25.08,17.25,59.41,4
39.09,63.82,3.43,10.37,67.85,4
11.87,47.23,23.27,8.36,56.94,4
19.53,69.5,25.44,19.85,62.9,4
18.22,77.09,10.5,11.1,53.14,4
14.51,72.38,30.15,-3.37,64.08,4
26.16,49.42,9.01,23.47,68.8,4
33.65,59.74,20.36,11.83,59.11,4
13.2,83.06,19.52,17.75,69.16,4
19.72,60.36,14.93,15.77,54.23,4
12.13,74.61,15.01,7.27,50.71,4
26.74,51.08,41.65,5.83,51.81,4
18.72,56.81,18.04,17.29,68.88,4
41.04,71.53,14.99,14.75,67.69,4
26.33,69.97,25.14,5.26,64.33,4
13.85,84.1,10.9,15.12,61.08,4
14.26,64.92,24.5,15.31,59.0,4
28.9,71.62,28.63,4.43,63.41,4
46.55,79.69,15.96,17.66,66.05,4
18.55,60.69,23.62,9.28,41.54,4
35.12,58.62,25.33,0.89,67.04,4
